Information Gains:
Unnamed: 0: 0.0
mcap: 0.025303055665355734
liquidity: 0.027856703698069918
scams: 0.02595755100770014
worth: 0.014475712640886096
contract_age: 0.013541840723689136
pair_age: 0.043961926661852946
wallet: 0.008398600704661474
safu_score: 0.041592379081273556
buy_tax: 0.022024560320586195
owner_type_UNKNOWN: 0.0
source_Coinbase: 0.010062254796125103
source_Kraken: 0.0
source_SideShift: 0.0
holds_qty: 0.031151769169842414
holds_amt: 0.02523313559442064
spoofed_qty: 0.0
snipers_qty: 0.0
whales_pct: 0.020745980365950878
LASSO: 

Feature: Unnamed: 0, Coefficient: 0.00
Feature: mcap, Coefficient: 0.00
Feature: liquidity, Coefficient: -0.00
Feature: scams, Coefficient: 0.00
Feature: worth, Coefficient: 0.00
Feature: contract_age, Coefficient: 0.00
Feature: pair_age, Coefficient: -0.00
Feature: wallet, Coefficient: -0.00
Feature: safu_score, Coefficient: -0.00
Feature: buy_tax, Coefficient: 0.00
Feature: owner_type_UNKNOWN, Coefficient: 0.00
Feature: source_Coinbase, Coefficient: 0.00
Feature: source_Kraken, Coefficient: 0.00
Feature: source_SideShift, Coefficient: 0.00
Feature: holds_qty, Coefficient: -0.00
Feature: holds_amt, Coefficient: -0.00
Feature: spoofed_qty, Coefficient: -0.00
Feature: snipers_qty, Coefficient: -0.00
Feature: whales_pct, Coefficient: -0.00
Correlation Matrix: 

                    Unnamed: 0      mcap  liquidity     scams     worth  contract_age  pair_age    wallet  ...  source_Kraken  source_SideShift  holds_qty  holds_amt  spoofed_qty  snipers_qty  whales_pct   printed
Unnamed: 0            1.000000  0.073973  -0.026973  0.097332 -0.017975     -0.065083 -0.065678 -0.068781  ...            NaN          0.188436   0.028209   0.041946     0.051201    -0.065592    0.013440  0.045176
mcap                  0.073973  1.000000   0.780005  0.071316  0.268556      0.074661  0.073150  0.109205  ...            NaN          0.011598   0.517661   0.374966     0.032918    -0.018603    0.279991 -0.082235
liquidity            -0.026973  0.780005   1.000000  0.193239  0.177053      0.290189  0.287790  0.108887  ...            NaN         -0.013052   0.415722   0.457305     0.031459    -0.047122    0.447246 -0.095839
scams                 0.097332  0.071316   0.193239  1.000000  0.031265      0.105982  0.105362  0.077599  ...            NaN         -0.127933   0.007553   0.104254    -0.034472    -0.024624    0.138507 -0.011387
worth                -0.017975  0.268556   0.177053  0.031265  1.000000     -0.086050 -0.086666  0.054700  ...            NaN         -0.084551   0.322640   0.209409    -0.024087     0.100484    0.034174 -0.033006
contract_age         -0.065083  0.074661   0.290189  0.105982 -0.086050      1.000000  0.999786  0.006076  ...            NaN         -0.019549   0.158666   0.341456    -0.009708    -0.106769    0.124688 -0.086176
pair_age             -0.065678  0.073150   0.287790  0.105362 -0.086666      0.999786  1.000000  0.006293  ...            NaN         -0.019110   0.159784   0.339845    -0.009372    -0.105059    0.122867 -0.088784
wallet               -0.068781  0.109205   0.108887  0.077599  0.054700      0.006076  0.006293  1.000000  ...            NaN         -0.013339   0.019374   0.010394    -0.009996     0.032485    0.034819 -0.062663
safu_score            0.070151  0.277121   0.185549  0.018202  0.199839      0.055767  0.055442  0.043118  ...            NaN          0.086636   0.363187   0.133228     0.022226    -0.140038    0.029935 -0.139836
buy_tax              -0.009692 -0.279134  -0.241176 -0.111590 -0.140632     -0.047813 -0.047332  0.090884  ...            NaN          0.038128  -0.297283  -0.169551     0.031101     0.183273   -0.102507  0.071907
owner_type_UNKNOWN   -0.117849  0.014311   0.180123  0.303196 -0.162915      0.075571  0.076348  0.074097  ...            NaN         -0.033779  -0.102033   0.068184    -0.000712    -0.088094    0.140061  0.071990
source_Coinbase       0.029921 -0.031859  -0.084678  0.052005 -0.108458      0.075596  0.076338  0.013955  ...            NaN         -0.033779  -0.045032  -0.097541    -0.040553     0.037326   -0.113638  0.095944
source_Kraken              NaN       NaN        NaN       NaN       NaN           NaN       NaN       NaN  ...            NaN               NaN        NaN        NaN          NaN          NaN         NaN       NaN
source_SideShift      0.188436  0.011598  -0.013052 -0.127933 -0.084551     -0.019549 -0.019110 -0.013339  ...            NaN          1.000000  -0.003739  -0.042533    -0.030481    -0.072704    0.001428  0.095012
holds_qty             0.028209  0.517661   0.415722  0.007553  0.322640      0.158666  0.159784  0.019374  ...            NaN         -0.003739   1.000000   0.485711     0.100218    -0.117870    0.217863 -0.142846
holds_amt             0.041946  0.374966   0.457305  0.104254  0.209409      0.341456  0.339845  0.010394  ...            NaN         -0.042533   0.485711   1.000000     0.026146    -0.183442    0.730280 -0.138211
spoofed_qty           0.051201  0.032918   0.031459 -0.034472 -0.024087     -0.009708 -0.009372 -0.009996  ...            NaN         -0.030481   0.100218   0.026146     1.000000     0.118155    0.030811 -0.053021
snipers_qty          -0.065592 -0.018603  -0.047122 -0.024624  0.100484     -0.106769 -0.105059  0.032485  ...            NaN         -0.072704  -0.117870  -0.183442     0.118155     1.000000   -0.163678 -0.015765
whales_pct            0.013440  0.279991   0.447246  0.138507  0.034174      0.124688  0.122867  0.034819  ...            NaN          0.001428   0.217863   0.730280     0.030811    -0.163678    1.000000 -0.090978
printed               0.045176 -0.082235  -0.095839 -0.011387 -0.033006     -0.086176 -0.088784 -0.062663  ...            NaN          0.095012  -0.142846  -0.138211    -0.053021    -0.015765   -0.090978  1.000000

[20 rows x 20 columns]
